0.0 0.0 0.0
0.0 0.0 0.0
-0.0297484493764 -0.025839906189 -0.00722815782284
0.0 0.0 0.0
-0.00602135940451 -0.00580799008145 0.00162028235406
0.00892201665097 0.00642242767384 0.0084552054315
-0.00345788138593 0.00517940576998 0.0141458058744
-0.000865510973966 -0.000865510973966 -0.000865510973966
0.0254623657397 0.0251932792711 0.0386824833246
0.0 0.0 0.0
-0.0343627022486 -0.0255866703699 -0.00772399920402
0.0 0.0 0.0
-0.0055436977479 -0.00439292154848 -0.00316503258113
0.000692016427943 0.00474436089059 0.0128205441265
0.0 0.0 0.0
0.0 0.0 0.0
0.0152736131625 0.00356198425489 0.00109400502627
0.015546677976 0.00275984567076 -0.0207163266969
0.000236568244466 0.000226104004861 0.000618458212828
0.0 0.0 0.0
-0.00593581187282 -0.00385910125238 0.000432793733575
-0.00221572977367 2.75303546017e-05 0.00375139891691
0.00527506372214 0.0020108632034 -0.00352241854914
-0.000847473019302 -0.00125926112171 -0.0159133479603
0.00987554104575 0.00592490201083 0.0231865431538
-0.00069792214109 0.00522748250486 0.000810716438741
0.0275017773996 0.0204504170974 0.0300230400666
-0.00610080880967 -0.00950109601763 -0.0104139426976
0.0 0.0 0.0
-0.000279251653792 -0.00257947541518 -0.0254703346656
0.00870181180755 0.000962978991523 -0.0309870400255
0.0129628324121 0.0094188474238 0.0317255729465
0.0 0.0 0.0
0.0 0.0 0.0
0.00107700053399 0.00330711287853 0.00417951534913
0.00233027310669 0.00220905557187 -0.014834888775
0.000433454715321 0.00122845636452 0.000791966346853
0.0 0.0 0.0
0.0 0.0 0.0
0.00546977863319 0.00546567360996 0.0050254583371
0.0146985873446 0.0103232310604 0.00964504859903
0.0 0.0 0.0
0.00798905681582 0.0226349548932 0.0325668680663
-0.000703520547503 -0.00310689879493 -0.00198915264894
0.0 0.0 0.0
0.0271323368574 0.0204042148434 0.0337232324858
0.026603666336 0.0219489560164 0.0235235966332
-0.00531831906819 0.0131520850759 0.0139158068768
0.00124049290808 0.00109639647221 0.000325825279763
-0.0127372349985 -0.00782574306265 0.0270901550198
0.00884283004963 0.00272256159337 0.00997819751994
-0.0136951734332 -0.0134023225192 -0.00529739029381
-0.00221941390988 -0.000729060187184 0.000214031808697
0.000966093515873 0.000823741259717 0.00078866578435
0.0214214509527 0.0319985255247 0.0282933918825
-0.0131830580273 -0.00821169386674 -0.00946038209549
-0.00664481049889 0.00150862489903 0.00269145808802
0.00362676815215 -0.00247311077267 -0.0296624203361
-0.00348014697056 -0.00198374481808 -0.00790259705205
0.0 0.0 0.0
0.00193012927113 0.00171152862985 0.00247379361878
0.0 0.0 0.0
0.0 0.0 0.0
0.0 0.0 0.0
-0.0210330557951 -0.0129919977686 -0.0170500628588
0.0 0.0 0.0
0.0318518608308 0.0216375356862 0.0212902426769
-0.000427678279242 -0.000653532184248 -0.00721436235763
0.0427479241443 0.0420089449636 0.0690315711474
-0.00282455540821 -0.00287938705102 -0.00516808917377
-0.0024791183773 -0.00300304399854 -0.00111987088728
0.0151268943672 0.0136043245551 0.0136472433757
-0.0210571875803 -0.0212711277393 -0.00708458342003
0.0164734597154 0.00949101906683 0.0145867006029
0.0 0.0 0.0
0.0 0.0 0.0
0.0518896311858 0.0384377175129 0.042055106168
-0.000100848003597 -7.53478919223e-05 0.000594005920751
0.0356132803289 0.0341421202385 0.037885899434
-0.00203615971291 -0.00204436687144 -0.00283998134882
0.0 0.0 0.0
-0.0078799948332 -0.00531920753373 -0.00661814256646
0.0047509133705 0.0039770789768 0.00507198195196
-0.00429305166281 0.00137964398148 0.00213575956123
-0.000757627411679 -0.000757627411679 -0.000757627411679
0.0115713286161 0.00919951124153 0.0224899171017
0.0 0.0 0.0
0.0 0.0 0.0
0.0151211715522 0.0266382100712 0.0264511347993
-0.000297711781721 -0.00290583640405 -0.0281231881404
0.0164513713633 -0.00163065808839 -0.00407172726975
0.0 0.0 0.0
0.0 0.0 0.0
0.0329344335321 0.0367009525377 0.0363936003079
0.00180907300416 0.00228950365363 0.00733193752008
0.0 0.0 0.0
0.0108908482359 -0.000480821411957 -0.0400461646392
0.000987812876607 0.000969851339185 0.000977824183915
0.000591257208718 0.000591257208718 0.000591257208718
0.0101935631567 0.00572162774098 0.0169048957483
0.0162183645885 0.00394021319994 -0.0273740007573
0.0 0.0 0.0
-0.00132681427381 -0.000590682881205 0.00491767945109
0.0412625750133 0.0172385840481 0.016476215536
0.00534966205704 0.00534966205704 0.00534966205704
0.000469646592093 0.00270428469104 0.0056524438047
0.0 0.0 0.0
0.0 0.0 0.0
-0.000531450661664 -0.000568421498094 -0.00280310429714
0.0 0.0 0.0
0.0 0.0 0.0
0.0130538358048 0.00370767992186 -0.0106538356137
0.00123049706247 0.000467453902931 -0.018330634919
0.0 0.0 0.0
0.0 0.0 0.0
0.00133829623244 0.00348323625313 -0.00121950065473
0.00149812196084 -0.000731792883566 -0.0137763914101
-0.00312789412466 -0.00325515524241 -0.0035400930948
-0.00716517821267 -0.00307040574741 -0.00284758034491
-0.00015986928494 -0.00117412813622 -0.00158639641914
-0.00219345853819 -0.00377699468546 -0.0265752963114
0.00298770663166 0.00219036913281 -0.00939465692199
0.00448527657859 -0.000152229052642 -0.0145568749062
0.0 0.0 0.0
0.0 0.0 0.0
0.0339512889376 0.051606657919 0.0546077039029
-0.00151235493538 -0.000932514323894 -0.000768108808497
0.00393841457923 0.00391552501495 0.00391179136775
-0.0110418407255 -0.00286550765628 0.011525423076
0.00334559516168 0.00172454688745 0.00140777000149
0.00259543963319 0.00259543963319 0.00259543963319
0.0 0.0 0.0
0.00421813666701 0.00421813666701 0.00421813666701
-0.00209217608252 -0.0016562229053 -0.0108056216557
0.0 0.0 0.0
1.52640473077e-05 3.2528397444e-06 1.93555155928e-05
-0.00249141128393 0.000842460175058 0.00110240615529
0.0382424413914 0.0303016689702 0.0319637105582
0.0 0.0 0.0
0.0013229659619 0.00130251766844 0.00131049475247
0.0 0.0 0.0
0.0 0.0 0.0
0.00425112218154 0.00456259044503 0.0044061730065
-0.000278486286183 -0.000940060258248 -0.00582838932919
0.0 0.0 0.0
0.0 0.0 0.0
-0.0128915845205 -0.00889467212334 -0.00846169023325
0.0 0.0 0.0
0.00193425047516 0.00165451769562 -0.000873467498949
-0.0206066873016 -0.00866282423841 0.00155772766336
0.000493150013499 0.000479069839345 -0.000326153034412
-0.0081528753318 -0.00831627133899 -0.00635476748784
-2.56071810024e-06 4.29801015098e-05 0.00425390665827
-0.0217171793769 -0.021481915507 -0.00681512677009
-0.00129589888491 0.000802408421324 0.00503452171164
-0.0010387478887 -0.00183187542962 -0.0124452151293
-0.00763543091514 -0.000535017302781 0.000811713012052
0.0341026259465 0.0153934766801 -0.0182569287631
0.00105089302353 0.00105089302353 0.00105089302353
0.00152521648292 0.00150366297533 0.00210825009986
-0.000712760979586 -0.000779903436939 0.00184817603916
0.0 0.0 0.0
0.0 0.0 0.0
0.0 0.0 0.0
0.0 0.0 0.0
0.0 0.0 0.0
0.0622540867663 0.0378580588171 0.0432883441076
0.0 0.0 0.0
0.00120100537742 0.000649379755894 0.00250761727101
0.0 0.0 0.0
0.0 0.0 0.0
0.0658777136826 0.0398138024438 0.042425453508
0.033693614882 0.0366120029388 0.0428067733266
0.0198363006604 0.0111283919947 0.00959679033917
-0.000141233242331 -0.000832274791535 -0.00790764626773
0.0 0.0 0.0
0.0 0.0 0.0
0.0 0.0 0.0
0.0 0.0 0.0
0.0 0.0 0.0
0.0 0.0 0.0
0.0 0.0 0.0
-0.0283083507573 -0.02226781693 -0.022728683182
0.0330239137113 0.0207221920264 0.0246515994168
0.00194769761977 -0.00137575082129 -0.017076225332
0.0 0.0 0.0
-0.00359046521796 -0.00343864177237 -0.0164121755139
0.0 0.0 0.0
0.0110658613472 0.00927861308784 -0.0095436265887
0.0189273446328 0.0310928941952 0.0227526377403
0.00600703892539 0.00684008011942 0.00320974372052
0.00147063864253 0.00194913308292 0.00829113299148
0.040543654854 0.0410080782168 0.0450876222541
0.0 0.0 0.0
-0.0198686371047 -0.00970863096572 -0.0140132124757
0.00862551807731 0.0120095005533 0.0042682819123
0.0 0.0 0.0
0.0178146460143 0.0081415139805 0.000313928147375
0.000276701533327 0.000567764964364 0.000537078260756
-0.00275598809887 -0.00228193173095 -0.00231261711866
0.0237245480855 0.0272484842143 0.0289313866212
0.0254687071582 0.000854501140863 0.00356986108224
0.0193495459298 0.00512062799046 -0.0276468736877
-0.00433394899312 -0.00289295430408 -0.00201946020016
-0.00194508769063 -0.00194508769063 -0.00194917194709
0.0163533712314 0.0107633307271 0.00870653121766
0.0 0.0 0.0
0.0 0.0 0.0
0.0 0.0 0.0
0.0 0.0 0.0
0.0207306577287 0.0217637189865 0.0167214165717
0.00225602092837 0.00226939767098 0.00264811831383
0.00455121100342 0.00195248152812 -0.000457490303123
0.0 0.0 0.0
0.0243270668623 0.0196007144704 0.0243627071887
0.0 0.0 0.0
0.0124421482038 0.010629621051 0.0110945171808
0.0 0.0 0.0
-0.0125635435021 -0.00796378551219 0.000827108780578
-0.00385727501583 -0.00385721342034 -0.00395197239444
0.0347884173108 0.0192740943119 0.0203836922317
0.0 0.0 0.0
-0.000851716309686 -0.000780488381856 0.00146614977808
0.0 0.0 0.0
4.79902486298e-07 5.6208682809e-09 6.50200711284e-09
0.00954980609718 0.00480249066539 0.00873221483772
0.00348358210872 0.002612390907 -0.00384611011206
0.00432309517717 0.000810085855213 0.00817062847369
0.000895030242332 0.00921366021975 0.00819289823445
0.0 0.0 0.0
0.00110766372877 0.00335506444647 0.00659886851134
-0.00103876434776 -0.00189259317344 -0.0132237263477
0.0161381126939 0.00465245486967 0.0121664105521
0.0123636093256 -0.00240544113737 -0.000854352077765
-0.00763682586417 -0.00727540367578 -0.00337442208491
-0.00504638819147 0.000513613276268 -0.0016205324297
0.0325788209001 0.0227402116798 0.0245044929397
0.00517873451221 0.00111729516181 -0.00734474034321
0.0255601239609 0.0314677127855 0.028908148229
0.000604569742407 -0.00299795793728 -0.0392848533679
-0.00111856346318 0.0022063941681 0.00936093653924
0.00727820161714 0.00415360561552 0.00308135213131
0.000739793647753 0.00111285666277 -0.00331542209495
0.0123807016234 0.00404803095371 -0.00399863919204
-0.0110981206181 -0.00766681919505 -0.00722043383414
0.00762525888 0.000854951917537 0.00073800417658
0.0 0.0 0.0
-0.0188592517175 -0.0195670131123 -0.00597361585345
-0.00202341505784 -0.0020011678979 -0.00266637146075
0.0254963773446 0.0158400832768 0.0221847476447
0.00671857319997 0.0142526147769 0.0228621904559
0.00159879561913 -0.00242931916462 -0.0239324483812
0.00400130943887 0.000164011705445 -0.0172610180796
0.0171480156015 0.0111673253544 0.0174454070526
-0.000791519920419 -0.000373948411696 -0.000684300706781
-0.000752135424798 -0.000562517363124 -0.00178627157279
0.0 0.0 0.0
0.0172063249615 0.0142346124215 0.0167632798421
0.0 0.0 0.0
0.000418353264795 0.00242254641883 0.00943727987124
0.0 0.0 0.0
0.00671412483051 0.00354836358239 0.00263070249094
0.00182522237328 0.00113160524685 0.00155499308537
0.0 0.0 0.0
0.0 0.0 0.0
-4.28327478518e-05 -0.00015480755505 0.000341450014215
0.0366745590182 0.0348350649953 0.0417097681504
0.0 0.0 0.0
0.0 0.0 0.0
0.0267920048398 0.0159096024391 0.0235614676362
0.00269884814405 0.00269884814405 0.00269884814405
0.0 0.0 0.0
0.0 0.0 0.0
0.0 0.0 0.0
-0.00224798269211 -0.00149336579705 0.00044829757272
-0.00628336169453 -0.00801838551472 -0.00351407667013
-0.00416707597766 -0.00186962797271 0.00194122417926
0.0 0.0 0.0
0.0195740086946 0.0126731985296 0.0174244611463
-0.00061061667042 0.000966536236671 0.00351948576818
-0.000630147484184 0.000913917115942 0.00525484398954
-0.000604188747857 -0.000779179878106 -0.0133385799847
0.0 0.0 0.0
0.0 0.0 0.0
0.0248079922369 0.0417450030663 0.049857413586
-0.00780342064259 -0.00837458612445 -0.00310306069486
0.0 0.0 0.0
0.0407258261467 0.0131073292805 0.0277354498907
0.0 0.0 0.0
0.0 0.0 0.0
6.28428554463e-05 0.000479301953098 0.000562728803193
0.0 0.0 0.0
0.0 0.0 0.0
0.00239042155976 -0.00021351157254 -0.0260595423383
0.016630450053 0.0200571124209 0.0155562199947
-0.003647404625 0.000298777401224 -0.000541843088477
0.00743724907177 0.00502333793764 0.00525624099142
0.0 0.0 0.0
-0.0024635253665 -0.00646873338109 -0.00540756723389
0.0 0.0 0.0
0.0 0.0 0.0
0.0 0.0 0.0
0.00567264912201 0.012030243166 0.0113654983479
-0.0130481842559 -0.00753705926567 -0.00801655116233
-0.00213021331214 0.00102448785406 0.0021460925888
0.0141098736899 0.0131356100969 0.0159473245116
0.0 0.0 0.0
0.0277140882372 0.0185657652791 0.0141915922888
0.0318077635153 0.0266955900299 0.0237746747511
0.0209848906594 0.000668965457786 0.0022489260521
0.0 0.0 0.0
0.0 0.0 0.0
-0.000268781077011 7.79280394172e-05 0.00215030835113
-0.0147069482353 -0.0102394115126 -0.0139421458877
-0.00140358337451 -0.000497059048037 0.00178800181857
0.033663699333 0.0402596236511 0.0621657682766
0.0 0.0 0.0
-0.000180845151189 -0.000180845151189 -0.000180845151189
-0.00177045306028 -0.00186062162735 -0.00213267608918
0.012407228827 0.0207820471654 0.0137383808616
0.0 0.0 0.0
0.000890458694096 -0.000466309841894 -0.0131050439245
0.019596578261 0.017550325797 0.0352045828771
-5.20221650707e-05 -0.000819011660189 -0.0111443546418
-0.00229130080084 -0.00229122903573 -0.00303412679698
0.0 0.0 0.0
-0.00084634946915 -0.000879333171617 0.000260904203226
-0.000363363954836 -0.000883012174764 0.00207521646079
-0.00287752555736 0.00134670613262 0.0111213539057
0.0108844951611 0.0013909467016 0.00256438663847
0.0018480994897 0.00175435306107 0.00144084611906
0.0 0.0 0.0
0.0368593598784 0.0360495514355 0.039383447785
0.0 0.0 0.0
-0.0125764703027 -0.0105207204939 -0.00248385846402
0.0 0.0 0.0
0.00472349029807 -0.000417497702344 -0.0160806595408
0.0 0.0 0.0
-0.0044462335806 0.000869460490674 0.0110430795408
0.00289432452559 0.00204906032188 -0.00324973805106
-0.00642894333666 0.00697986272578 -0.00134652746228
-0.0273063366241 -0.0215351391796 -0.0242782799401
0.000337751201499 0.000337751201499 0.000337751201499
-0.0185736820019 -0.0216225831252 -0.00592370172468
0.0 0.0 0.0
0.0 0.0 0.0
-0.0045868557724 -0.00582692703935 -0.0105779922007
0.048181120565 0.0446157373647 0.050255318115
0.0 0.0 0.0
0.0 0.0 0.0
-0.0035356830693 0.023740214379 0.0135737846689
0.0246380660887 0.026200711043 0.011641310805
-0.00109487081574 0.00127745520409 0.00176289436006
0.00230463181324 0.00047053616569 -0.0192478221289
0.00147045189115 0.00258909892678 -0.00434439780168
0.00229856130953 0.00238305819288 0.00246208980232
0.00505121838882 0.016216090388 0.0180178206005
0.0 0.0 0.0
-0.00235574366068 0.000151482613443 0.00166322107434
-0.000219086853877 -0.00148880307008 -0.0135558410583
0.0118172163551 0.00417316970792 0.00126880622948
0.00836899656507 0.010778632672 0.0147573837681
0.00521362975267 0.01098071071 0.00998159361692
0.0113850274916 0.00104751753087 0.00321113797867
0.0 0.0 0.0
-0.00501104129017 -0.00222429667927 0.0019835834789
-0.00098285495515 -0.000462765849727 -0.00167970495604
0.0 0.0 0.0
0.0 0.0 0.0
0.0187449123108 0.00310171227075 -0.0032169755245
0.000166020299998 0.00017993794701 -0.000500479279225
-0.00780737700542 -0.000756289398834 0.00152902494501
0.0 0.0 0.0
0.0 0.0 0.0
0.049931668584 0.0225992612994 0.0106684380595
0.0015810459253 0.0015810459253 0.0015810459253
0.0 0.0 0.0
0.00780936754652 0.00780936754652 0.00780936754652
0.0 0.0 0.0
-0.017719534412 -0.012342753579 -0.0175776245476
0.00421186076671 0.00411196556048 0.00148172692834
0.0 0.0 0.0
0.0 0.0 0.0
0.00150965211844 0.0016831179501 0.00358354970669
-0.00193015289684 -0.00411975370653 -0.0291663620259
-0.0119277844503 -0.0118950956088 -0.00625556104778
0.000569115405924 0.000818665017711 -0.00096862028078
0.0260092618159 0.0171562519227 0.0226582129805
0.0 0.0 0.0
0.00106024246647 0.00398238325633 0.00499170996582
0.0314311758588 0.0214556117375 0.0177071136527
0.00109719769251 0.00185653442461 0.00620642825296
-0.00804217176412 -0.00293649068736 -0.00321980477656
-0.00183566269819 0.000334567729724 0.0010800622338
0.0231351913588 0.0100559897743 0.013114081707
-0.0101327308054 -0.0110368192574 -0.00497249641972
0.0177145587397 0.0116907970982 0.0134153691903
0.0 0.0 0.0
0.0 0.0 0.0
0.047787539314 0.0439860672317 0.056377296891
0.0 0.0 0.0
0.00827984883777 0.00800982204839 0.00500225965921
0.00308228617897 0.000365777262498 0.000160423407144
0.0 0.0 0.0
0.0329110039464 0.020426065622 0.00694796170839
0.0 0.0 0.0
0.000846078854655 0.000805352993878 0.000772831783166
0.0490081733124 0.0524619863804 0.0767970794551
0.0342974603353 0.0310004086156 0.0373059016865
0.0490259184849 0.0233886757789 0.0321096354926
0.00485065024215 0.00432680293026 0.0130553570265
0.0 0.0 0.0
-0.00221686213705 -0.00214926741095 -0.00174857213999
0.0 0.0 0.0
0.000408464721566 0.00053826676094 0.000906760739444
-0.0013301144946 0.0194471258484 0.0222147506419
-0.00393738625599 -0.00236181507713 -0.000785867183506
0.000200772172961 0.000250494153581 0.00184295094151
0.0023836426756 0.0023836426756 0.0023836426756
0.00827813427687 0.0104228019991 0.00605227368749
0.0 0.0 0.0
0.0 0.0 0.0
-0.00227044280285 -0.0045336886899 -0.00287927581189
0.00659244031968 0.000558324502616 -0.00388691538694
0.0041078767295 0.00143654219413 1.54044454186e-05
0.0 0.0 0.0
0.0144736547997 0.0168136537189 0.01522220277
0.00599770026412 0.00323229439386 0.000112169163722
0.0306139875451 0.0190413293483 0.0195484149676
0.0105193532932 0.0102507957063 0.0081994900181
-0.0156087882172 0.00590987537293 0.00671065517085
0.0 0.0 0.0
0.0 0.0 0.0
0.0 0.0 0.0
0.0 0.0 0.0
0.0539382034992 0.0483108370044 0.0528780506161
0.0 0.0 0.0
0.0 0.0 0.0
0.0102561826158 0.00451568406051 0.00462502744748
0.00569267931892 0.00408863435736 0.0191061869586
0.00946647667146 0.00285682847029 -0.00740157248174
0.00349087870146 0.00668317996061 0.0108214342192
-0.000834599515228 0.00587357538433 0.0123239865349
0.0 0.0 0.0
0.0 0.0 0.0
0.0 0.0 0.0
0.000496731652902 0.00160826177291 0.00241319709521
0.0 0.0 0.0
0.0 0.0 0.0
0.00774283496705 0.00296513191274 0.0298403017001
-0.00966021187835 -0.00574159015775 -0.00454099912443
0.0 0.0 0.0
0.0 0.0 0.0
0.0 0.0 0.0
0.000565055070361 0.000733569664975 0.000291016129969
0.0 0.0 0.0
0.0 0.0 0.0
0.0 0.0 0.0
0.0 0.0 0.0
-0.000638309935409 -0.000638309935409 -0.000638309935409
0.00262298122485 0.0250200221702 0.0116207134525
0.00209116850769 0.00186087937055 -0.00089837648577
-0.00152239244041 -0.00152239244041 -0.00152239244041
0.0 0.0 0.0
-0.00205350805166 -0.00207314742164 -0.00207409725058
0.0 0.0 0.0
0.0 0.0 0.0
0.00108721964388 0.000810853764453 0.00130065774032
-4.2084930646e-07 6.7733811007e-08 6.77334326168e-08
0.00138414811318 -0.000697028407242 -0.0257136711005
0.0143641056366 0.0121893238615 0.0139782174081
-0.00138817918175 -0.00109525498549 -0.00107946310035
0.0 0.0 0.0
0.0 0.0 0.0
2.94450513246e-05 -2.48723129971e-06 -1.67740868204e-07
-0.00326897157626 -0.00274137031843 -0.00243202826961
0.0 0.0 0.0
0.00538610733864 -0.000457573874006 -0.0024159267835
0.0 0.0 0.0
0.0 0.0 0.0
0.000485117691196 -0.000836112143079 -0.0121101956184
0.0197448748821 0.0129334472613 0.00660650558876
0.0106844285608 0.0170107227927 0.0124577627999
0.0 0.0 0.0
0.0 0.0 0.0
-0.00139304013828 -0.00281271387711 -0.00828689395689
3.50991348129e-05 2.79139316733e-23 3.63558731344e-15
0.00623328743873 0.00623328743873 0.00623328743873
0.00120872995344 0.00510359833958 0.00475321439438
-0.0206767938976 -0.0163857968905 -0.0129512374098
0.00340644271517 0.00410513658411 0.000591737906683
-0.000582085445752 0.000746426867857 0.0014362433972
-0.0141839868785 -0.0112790619943 -0.0123564827894
0.0 0.0 0.0
0.0 0.0 0.0
0.0290975827141 0.0290145524417 0.0442876674475
0.0 0.0 0.0
0.00375721715017 0.00423117111364 0.00713448459348
0.0 0.0 0.0
0.000949003852856 0.000887043278863 0.000263889177923
0.0 0.0 0.0
0.00179491808548 0.00713509949758 0.0184359857442
0.0 0.0 0.0
0.00172621591159 0.00090121377551 -0.0145156810134
-0.00195214459557 -0.00205069011945 -0.00225763065637
0.0 0.0 0.0
0.0 0.0 0.0
-0.000957141194559 -0.00122684917343 -0.00828121614152
-0.000845109043071 -0.000845109043071 -0.000845109043071
0.0313777710964 0.0295421855491 0.0277441758178
0.0 0.0 0.0
0.0 0.0 0.0
0.0270673071888 0.0305529882879 0.0468556013491
0.0 0.0 0.0
0.0 0.0 0.0
0.0183406837644 0.0055069580459 0.00707996642763
-0.00957095516015 -0.0111171530197 -0.00987212730101
0.00566481833579 0.0109519771945 0.01170224112
0.00337153630398 0.00318215576885 0.0087695719229
0.0013608813759 0.00128825929638 -0.00446019305753
0.0222771946323 0.0169243498819 0.0187632411556
-0.000850804583381 -0.00085148155009 -0.000878991069909
0.00430991197239 0.000497222587027 -0.00699344009473
-0.000573266500915 -0.000572951978898 -0.000571307901919
0.00300639725445 0.00322347714502 0.00400017100027
-0.000561719694381 -0.00133829735008 -0.00134707134856
0.00246040224691 0.013444668098 0.0201307113888
0.0147880472202 0.0267085587789 0.0436725839836
0.0 0.0 0.0
0.0274307431884 0.000931391981804 0.000494336374313
-0.0207231480756 -0.00844852526113 -0.00468400687648
-0.00674120691857 -0.00657008549032 -0.00440544331067
-0.00141725623994 -0.00154051836883 -0.00177608979735
0.0 0.0 0.0
0.0 0.0 0.0
0.0291702596338 0.028821132894 0.0444306153622
0.0213224407628 0.0263384057456 0.0337199815171
-0.000627037660315 8.07069156396e-06 0.00393097961869
0.0 0.0 0.0
-0.00227261800681 -0.00306841324748 -0.0210343665538
0.0167552136768 0.0130801116347 -0.00806298733034
0.0 0.0 0.0
0.0191598482585 0.0116226212451 0.0172070206678
-0.0060266567 1.47058362232e-05 0.000982823462389
0.0 0.0 0.0
0.00565756006556 0.00481710840787 0.0186540102787
0.0 0.0 0.0
0.0 0.0 0.0
0.0 0.0 0.0
0.0 0.0 0.0
0.00732270754796 0.00437662788762 0.0192414827467
0.000581424010411 0.00100117838756 0.00362187864689
0.00391739146083 0.000104344198701 -0.0185641686138
-0.00715727748247 -0.00508474620842 -0.00581966349193
0.0 0.0 0.0
0.0 0.0 0.0
0.0 0.0 0.0
0.0327622041848 0.0279906749978 0.0318553052419
0.0 0.0 0.0
-0.000527354120621 0.000304384979385 0.00386924263323
0.0 0.0 0.0
0.012167669618 -0.00376629584336 0.00112223220566
0.0 0.0 0.0
0.0011262543739 0.0028215516269 0.000426165370347
0.00254714480178 0.00254714480178 0.00254714480178
0.0 0.0 0.0
0.0 0.0 0.0
0.00628403989045 0.0104101320333 0.0220266348703
0.0344181789094 0.0328495957783 0.0386363929492
-0.000888414759898 -0.00135021038374 0.00147252305129
-0.000393017316103 0.00403625350147 0.0125671202433
-0.0185617744857 -0.0163408478186 -0.00422629811977
0.0 0.0 0.0
0.00420260320575 0.00380172554119 0.00379471330245
-0.00224786922534 -0.000248318707581 0.000566902631442
-0.00829561642138 -0.00169518406941 0.00132196533939
-0.0014025593185 0.00319274349906 0.00648612876548
-0.012433431786 -0.0110386702939 -0.0095375476809
0.01003031444 0.0161292520403 0.0246708011657
0.0 0.0 0.0
-4.54697723188e-05 0.000513973082297 0.00045000809804
0.0178540108804 0.0199257245255 0.0241564001551
0.0 0.0 0.0
0.0388598892986 0.0359447303065 0.0360543985348
0.00309302300172 0.00437565030613 0.00627052053864
0.0 0.0 0.0
0.0 0.0 0.0
-5.5623730846e-05 -5.5623730846e-05 -5.5623730846e-05
0.0313639224792 0.0162115608484 0.0402769885767
0.0547497037585 0.0383794932251 0.0640464624964
-0.0168855680781 -0.0163220636754 -0.00650027710961
0.00543578142005 0.00980095797858 0.0128232122258
0.0144849246689 0.0101485107489 0.0137858895718
0.0549259903994 0.0467242060909 0.0541407086065
-0.0180345720923 -0.017940379934 -0.00677148729396
-0.000819609844138 0.00825207425869 0.0125663555371
0.00462256493828 0.00242575055905 -0.0299883713699
0.0 0.0 0.0
0.0 0.0 0.0
0.0334138005265 0.0187106605215 0.0276042500774
-0.00423308257641 -0.00202766087409 0.0025054690315
0.0104181371711 0.00861267018594 0.00535012414707
-0.0266249720556 -0.0217618129136 -0.00560686248269
0.00298188874487 0.00333090272072 0.00570128414254
0.00148201578998 0.00148201578998 0.00148201578998
0.000603561426172 -0.000573999630318 -0.00473439358273
0.0139603178309 0.00728954046324 0.0138226568541
0.0299792039615 0.0208475743438 0.0202385569628
-0.00498035962549 -0.00156352624332 -0.000869641189662
0.00114644574798 0.00111899953469 0.00193920628876
0.0 0.0 0.0
0.0210238340991 0.0244586315731 0.0338484469336
-0.011791648695 -0.0125297506538 -0.00160515767001
0.00191662711321 0.00159351146336 0.00189582931907
0.0 0.0 0.0
0.0 0.0 0.0
-0.0006930277807 -0.00022676214411 0.00278492640529
-0.00670696087531 0.00876244506844 0.0235750625363
0.0 0.0 0.0
0.0 0.0 0.0
-0.011919641292 -0.0140781205703 -0.00578228718818
0.0 0.0 0.0
-0.00814187200939 -0.00503324454136 -0.00954061212848
0.0 0.0 0.0
0.0 0.0 0.0
0.0 0.0 0.0
0.0061373371638 0.00423320506986 -0.00355407437663
0.0237713511926 0.0228551643863 0.0382521141559
0.0 0.0 0.0
0.0 0.0 0.0
0.0 0.0 0.0
-0.00203852871481 -0.00557101919258 -0.00310751916514
-0.000339629728897 0.00252518315931 0.00564967635893
0.00393974456929 0.00393974456929 0.00393974456929
0.0 0.0 0.0
0.00411812532147 0.00154639648541 -0.00157790666811
0.0027722089521 0.0160241949424 0.0237951155352
0.0 0.0 0.0
-0.00405749977931 -0.00210298313383 -0.00135557140876
0.0360454637439 0.0260849148344 0.0219117163816
0.0 0.0 0.0
0.00646285305124 0.00628752271483 0.00450593667054
-0.00482479745831 -0.00676203210222 -0.0129740450414
0.0 0.0 0.0
0.0 0.0 0.0
0.0 0.0 0.0
0.0206342272871 0.00375542286562 0.000271056249921
0.0017094658853 0.0139094777953 0.0178726128648
-0.00205744410327 -0.00238345809174 -0.00450423699153
0.0 0.0 0.0
0.0 0.0 0.0
-0.0319688052602 -0.0250084787883 -0.00598062590387
0.00986823255363 0.00842011011526 0.00501142230021
0.0 0.0 0.0
0.0 0.0 0.0
0.0 0.0 0.0
0.00515001253547 0.00507471250735 0.012764848843
-0.000733362044674 -0.00117338687486 -0.000106117516784
0.00520240573164 0.00768639444478 0.000646862214509
0.0 0.0 0.0
0.0 0.0 0.0
-0.00214795945688 -0.00214795945688 -0.00214795945688
0.00747314378162 0.00463996641245 0.00231997587411
0.00209604863068 0.00177717685597 0.00100326328847
0.0146740535017 0.0181366696718 0.0358357336921
0.0335107622801 0.0230474284398 0.00579583104518
0.0150708856446 0.00574361487982 -0.00453024406483
-0.00273068726637 -0.00239592982824 0.00139232744729
0.00309235825309 0.00240905609266 -0.00501221423877
0.0 0.0 0.0
-0.000922547489504 -0.000923447797149 -0.000923053961828
0.0 0.0 0.0
0.0320079416329 0.0240677968832 0.0204190242001
-0.000384581664761 0.00456319610091 0.00485335960843
0.004839877788 0.00290551821026 -0.0126622468138
-0.00322759643309 -0.00135579047313 0.00337380751642
0.000939453420192 -0.000383961217887 -0.00126121287437
-0.00796355824741 -0.00204096916396 -0.000739938008969
0.00100399676477 0.00100399676477 0.00098553216946
0.00447577438374 0.00193649388274 0.0052036514664
-0.00205687924138 0.0185677117822 0.0130079518544
0.0 0.0 0.0
0.0 0.0 0.0
0.0375492533061 0.0402202120991 0.0450341366706
-0.00350045010313 -0.00156705360006 -0.00132001437146
-0.00358788724155 -0.00259609356745 -0.0169587723695
-0.00152832329824 -0.000566332194302 -0.00144613509446
0.00694547099609 0.00714640546135 0.00568160906977
0.0 0.0 0.0
0.0 0.0 0.0
0.0215639539706 0.0226018421708 0.0386446124873
0.00282832784283 0.002031849008 -0.00242264195626
0.0 0.0 0.0
0.0456901505167 0.0154517301808 0.020556291414
-0.00241717704789 -0.00242648653769 -0.00219547374207
3.48615078335e-05 9.14162772949e-07 -0.0002474211971
0.0 0.0 0.0
-0.00296875452953 -0.00177906083281 0.00264394248735
0.00276932947479 0.00530634853893 -0.0106725093305
0.0 0.0 0.0
-0.00688372889062 0.00573035021017 0.00820517176658
0.00087979592011 0.00133393023852 0.00615217505974
0.00451552149379 0.00385132359158 -0.0122981513061
-0.00324120897658 -0.00121228230906 0.00164347104514
0.0223948960126 0.0185603568077 0.0198327805405
-0.0094013813881 -0.00784997089447 -0.00888329540207
0.00539804877376 0.0111725838992 0.0226605143228
0.0034815945204 0.00161706676222 -0.0249495007448
0.00404351757968 -0.000357331691779 -0.010799488657
0.0 0.0 0.0
0.0 0.0 0.0
0.0 0.0 0.0
0.0186246773261 0.0118096439809 0.00929408185015
0.0 0.0 0.0
0.0 0.0 0.0
0.000746031918785 0.00199213521353 0.00253001904178
0.0 0.0 0.0
0.00042433727635 0.0199428566226 0.0247242641716
-0.00472524560001 -0.00248274503394 -0.00639003176463
-0.0223200071363 -0.0203841775903 -0.00265429040527
0.00924499948799 0.000741144160897 -0.0018977889949
0.00162159500005 0.00172348378068 0.000740594617458
-0.00242359637618 -0.0014622618539 -0.00158816856075
0.00254725887515 0.00232876599703 0.000340663263177
0.0 0.0 0.0
-0.00327683122322 -0.00466964282381 -0.00256492478449
0.0 0.0 0.0
-0.0300742754448 -0.0250638204068 -0.0111581677468
-0.000143905035903 -0.000579759352807 -0.00462367876383
0.0112415144311 0.0126846810823 0.0128821891113
0.0015720185099 0.00122568645341 -0.00192335775788
0.00741929323869 0.0102906194539 0.0257325105371
0.0 0.0 0.0
-0.00235409675628 -0.00111048983655 -7.22494779329e-05
0.0259391787294 0.0128222857925 0.0113128211734
-0.00278275399602 -0.00325198028946 -0.00713428472508
0.0 0.0 0.0
0.0293775638463 0.0333829437433 0.0395823447404
0.000490653274165 -0.00068443022791 -0.0117775128352
-0.00304976635743 -0.00486071110207 -0.0334895865235
0.00779091800222 0.00563015787357 0.0107239858476
-0.00760570628107 -0.00781402583133 0.000743619460699
2.27868346418e-09 1.90659191837e-06 -1.18276180222e-06
0.00305057767046 0.00305057767046 0.00305057767046
0.0 0.0 0.0
0.00671567679129 0.0111135892155 0.00549319080154
0.0138751195462 -0.00551746095434 0.00257329808375
0.00419786351492 0.00517678708498 0.0109050541203
0.0714978998335 0.0583828047003 0.0630612181933
0.0282282310061 0.0295432544527 0.0444000076882
-0.00383663808488 0.00306841098579 0.0166754926394
-0.000329408777121 -0.000240466681467 -0.0101402078248
0.0219352398995 0.0215820111201 0.0186797454033
-9.67403946798e-05 -0.00125784210347 -0.0130856287496
0.0 0.0 0.0
6.16729182216e-05 -0.000238868663148 -0.000605958769666
0.0 0.0 0.0
0.0177887655637 0.0230721442916 0.0232185634364
-0.00561161462307 -0.00795167719597 0.00908296709693
-0.000388998094278 -0.0015173532324 -0.0182298274404
0.0 0.0 0.0
0.00240565824198 0.00253748690106 0.00310150959542
0.0 0.0 0.0
0.0 0.0 0.0
-0.00110617064602 -0.00110617064602 -0.00110617064602
0.022985207953 0.0219812674133 0.0197474204587
0.0148132939036 0.0112466291885 0.0250955090537
0.0 0.0 0.0
0.0 0.0 0.0
0.0 0.0 0.0
-0.00492317573316 -0.00178540790913 -0.000943318347078
0.0 0.0 0.0
1.56172603643e-05 -0.000972777887448 -0.012185027605
0.0 0.0 0.0
0.000944724832204 0.00205627900694 0.00250929450818
-0.000927422124768 -0.000505805500797 7.69939239561e-05
0.0 0.0 0.0
-0.00103020828844 0.000788328460815 -0.00175205331963
-0.00382870461954 -0.00611940332017 -0.00483757169321
0.0322736314799 0.0261762994083 0.0286765333995
0.0 0.0 0.0
0.0 0.0 0.0
0.0 0.0 0.0
0.0 0.0 0.0
0.00476104979278 -0.000276860103212 -0.00132086765477
0.0236904807253 0.0173932861914 0.0152623076022
0.0133060012898 0.0035337384923 -0.00445613975097
0.0 0.0 0.0
0.0 0.0 0.0
0.0 0.0 0.0
0.000642956478628 0.000624388402487 0.00131877017176
-0.000159247819254 0.000259451918684 0.000526108481474
0.00052563410642 0.00495686716078 0.00712655766688
0.0 0.0 0.0
0.0 0.0 0.0
0.0 0.0 0.0
2.03128617317e-06 1.30571247966e-22 4.89025775543e-17
0.0 0.0 0.0
0.0406603230295 0.0321328348419 0.0362736311675
0.00275424495068 0.00289041973237 0.00404676996279
0.0 0.0 0.0
0.000192709395057 3.84736490303e-06 -0.00031982199585
0.0552312869209 0.0560664600263 0.0799088481961
0.0 0.0 0.0
0.00360538819005 0.00360538819005 0.00360538819005
0.00186161200755 0.00143909939622 -0.00465151756929
0.0078945715147 0.0078945715147 0.0078945715147
0.007895107779 0.000431610810667 -0.00212530844645
0.00849461642769 0.00849461642769 0.00849461642769
-0.00155467758201 -0.000949494278518 -0.000484668180559
-0.000334831329175 -0.00207031149252 -0.0264386426382
0.0 0.0 0.0
0.0 0.0 0.0
-0.00236191879432 0.000177202118937 -0.00276313545189
0.0034472481468 0.00153562709102 0.0017799602056
0.0 0.0 0.0
0.0068955873826 0.00722313515504 0.000790419620359
0.00539689912408 0.00399891806269 0.00404359241799
0.01292994005 0.00710507538974 0.0107834668416
0.0 0.0 0.0
-0.000704022705551 -0.00170589462903 -0.0158934105078
-0.00900482964671 -0.00608331081113 -0.00635337962634
0.0125568691454 0.0154215955196 0.0302285267652
0.000680250149083 0.000671280569537 0.000555647507401
0.0 0.0 0.0
0.0 0.0 0.0
0.0417997274131 0.0398227118661 0.0484830399521
-0.00223192175491 -0.00219711505687 -0.00265297825216
0.0 0.0 0.0
0.0 0.0 0.0
-0.0178942502333 -0.016926071056 -0.0141946530737
0.0 0.0 0.0
-0.000790276604961 -0.00141436819953 -0.0113857778273
-0.00315704059952 -0.0021332089333 -0.00246698416136
0.0126863974451 0.0155691125912 0.0143756536855
0.0 0.0 0.0
0.0 0.0 0.0
0.0 0.0 0.0
0.006446310985 0.006446310985 0.006446310985
0.00561700346544 0.00571680382652 0.00577071285299
0.00409622359887 0.00410613056158 0.00831909761543
0.00410036585092 0.0042012405628 0.00492942039186
-0.00466028619891 -0.00223198153959 0.00295748931487
0.00362049390189 0.0073033682851 0.00711433300045
0.000500604378829 2.0338368702e-06 -0.00376731273016
-0.0042265739002 -0.00184154621793 0.00440853579278
0.0 0.0 0.0
0.00103526123487 0.00103526123487 0.00103526123487
-0.00236502158061 -0.00111905615728 -0.000516727212566
-8.20032148629e-05 0.00136004544274 0.00181199627504
-0.00921260205403 -0.00404968435405 0.00239365014189
0.0 0.0 0.0
0.000768975719194 0.00100913374313 0.0013388446434
0.0161039065121 0.015475683063 0.0158481695924
0.0 0.0 0.0
0.00476367438567 0.00097512634914 -0.00988524563704
0.0 0.0 0.0
0.00372612426858 0.00376595040754 0.00238826161261
-0.00371036971322 -0.00371036971322 -0.00371036971322
0.0 0.0 0.0
-0.00474221717938 0.000148111108804 0.00093463907979
9.65361524086e-06 0.00112828653821 0.00398924337861
-0.0165017690453 -0.0117797069748 0.00235472982832
0.0 0.0 0.0
-0.00152762208636 -0.00157262029269 -0.000998311875398
-0.0043423610648 -0.00370212750176 -0.00332898920262
-0.00840312755219 -0.00549242987909 -0.00855527110511
0.0 0.0 0.0
-0.00130217522683 -0.00171100705812 -0.0139745052084
-0.0081158499023 0.00665695184503 0.010159005609
0.00121592687705 0.00140090329915 0.00231333771798
0.039340535895 0.036110976189 0.0458622242942
0.00472309857944 0.00105799544821 -0.00482399582658
0.0 0.0 0.0
0.00443005047867 0.00450990388677 0.00455249285681
0.0129837679339 0.00531078435073 0.00873182917974
0.0 0.0 0.0
0.00140346043138 0.00113170815121 0.00144810211458
0.000710109546174 -0.000403412788784 -0.000658155682706
0.00492726028623 0.00491627328202 0.00474076658504
0.0 0.0 0.0
0.0 0.0 0.0
0.000114618966266 0.00395049961992 0.0132577605972
0.0 0.0 0.0
0.0 0.0 0.0
-0.0177471361301 -0.0153217488497 -0.00200279599746
0.0 0.0 0.0
0.000544506288586 0.000607950091562 0.00252685486749
0.0 0.0 0.0
-0.00160061055756 -0.000959061229293 0.000906058389373
0.0113705520064 0.0253300409113 0.0373425609563
-0.0116122184849 -0.0111470420605 8.21567650655e-05
0.00205665385447 2.12555830466e-05 0.00179676156688
0.0145624996856 0.0125045894755 0.0129242136037
6.51053114694e-05 0.000144668357588 0.000132728472386
0.00368330651343 0.00192585748042 0.00134623985449
0.00143665257025 0.000731580144938 -0.0067857860244
0.0 0.0 0.0
0.0 0.0 0.0
-0.00410654923134 -0.00410654923134 -0.00410654923134
-0.00400834602995 -0.00214987332969 -0.0048512083871
0.00327664074781 0.00323470496876 0.00387502577176
0.0 0.0 0.0
0.00637806896712 0.00141194948032 -0.00626541267825
0.0114016594468 0.0169705295957 0.0310635227474
0.0 0.0 0.0
0.0108093871225 0.0027873777675 -0.00981716131562
0.0 0.0 0.0
0.0 0.0 0.0
-0.00503570108944 -0.00480548261514 -0.021447923646
0.0 0.0 0.0
-0.0040690719832 0.000530940076267 0.00917195200558
0.00301860401034 0.000938170245349 -0.015077582498
0.0 0.0 0.0
0.0 0.0 0.0
-0.0281730001225 -0.00565319916885 0.0102000252182
0.000475755605525 -0.00138767996409 -0.00668720885157
0.0 0.0 0.0
0.0330614218345 0.00536794706254 -0.000192948121433
0.0 0.0 0.0
-0.0106419747131 -0.00199161556337 -0.00090698992481
-0.0188076357031 -0.0132421077086 -0.00101160614031
0.000827224255625 5.01377056106e-05 -0.00241115181243
0.0 0.0 0.0
0.0291155082759 0.0212749555926 0.026574787596
-0.000246755333815 0.000672502235469 0.000703300329077
-0.00454822387393 0.0105355024938 0.0157370865591
0.00278662308029 0.00278662891444 0.00276208755894
-0.00273599033102 -0.00824425510422 -0.00302716870082
0.0 0.0 0.0
0.00954061046577 0.00388939912071 0.0099799908197
0.00586613454912 0.00816055193168 0.0101108825685
-0.0218285440895 -0.018632337802 -0.0099071452578
0.0366312515668 0.0201293635355 -0.00437018494111
0.0 0.0 0.0
0.0649791061871 0.0508074617741 0.0714629696794
0.0 0.0 0.0
0.00242409949781 0.0138043365297 0.01763763067
0.0 0.0 0.0
0.0 0.0 0.0
0.000866527920196 -0.00103857932069 -0.0155866421392
0.00326519236423 0.00199125502975 0.00448480944738
0.0 0.0 0.0
0.0 0.0 0.0
0.0218783498688 0.0388646932592 0.0495282715735
0.0137203304916 0.0179694597231 0.0102530262706
0.0 0.0 0.0
0.0089543062769 0.00789492532877 0.00876653149367
0.00331442258051 0.0034486713118 0.00352462531961
-0.00214038611848 -0.00161985364061 0.00467418036977
-0.000304701317021 -0.000304701317021 -0.000304701317021
0.00104774798082 0.00203545898046 0.000650224607469
-0.00145330435174 0.000262675758907 0.00621250083224
0.000679641408401 0.000771600533189 0.00122051935638
0.0 0.0 0.0
0.00388281598379 0.00229947610594 -0.00584815313218
0.00310647804973 0.00310647804973 0.00310647804973
-0.0072050523751 -0.00445913229052 -0.00282757844663
0.0 0.0 0.0
0.0 0.0 0.0
-0.00178920739212 -0.000492237945928 0.00359479575742
0.0 0.0 0.0
0.0 0.0 0.0
-0.0180568381468 -0.0178985255093 -0.0180150585354
0.0 0.0 0.0
0.0600870266196 0.0372085839993 0.00573006416348
0.00127375351048 0.00222351340916 0.00559788571687
0.0 0.0 0.0
-0.00734334957874 -0.00264499684998 -0.000780144771918
0.0378650372227 0.0221752181032 0.0468713216917
0.00569992886541 0.000848974425513 -0.00957808028604
-0.00186710921103 0.000678273894715 -0.00488499562921
0.0 0.0 0.0
0.00365837405555 0.00139573877781 0.000904083933536
0.00051881270045 -0.00507025433343 -0.0492110688583
0.0074675229668 0.00705548868797 0.0040898084518
0.0 0.0 0.0
-0.000802084310652 -0.000179521626337 -0.000155452374768
0.0 0.0 0.0
0.00168803717911 0.00156205856458 -0.00915570533873
0.00557921561932 0.00557921561932 0.00557921561932
0.0 0.0 0.0
0.0 0.0 0.0
0.00791894607466 0.00229637022287 0.00137270830021
-0.00291278859674 -0.0030308910237 -0.00455355384756
0.000358773360514 0.00060373299916 0.000793774143565
0.00167995320888 0.0028905538782 2.92493826125e-05
0.000435872827646 0.00158306563767 0.0051186260252
0.0 0.0 0.0
-0.000873353919517 -0.00149135639964 -0.00388024065415
0.0125383947293 0.0146066142703 0.00840654233781
-0.000314181790432 -0.000293288908637 -0.000267430724216
0.00353673520489 0.00138227190717 0.00212201217447
0.00381807486481 0.0039607620271 0.00397436538126
0.00560705187493 0.00427847962476 -0.00211365638862
0.0305205190966 0.0277156406701 0.0244343201997
0.00611621631355 0.000934645553111 -0.0168257174888
0.000306479786495 0.00253555975167 0.00844879423255
0.000250756986335 4.82549969592e-05 -0.00810748147884
0.00493326308407 0.00530129827491 -0.000963143699958
0.0 0.0 0.0
0.0 0.0 0.0
0.0 0.0 0.0
-0.00121246017241 -0.00101638984665 -0.00334731337817
0.0154855622526 0.0160329730173 0.012704764726
-0.00669680147244 -0.00206326878875 -0.00182298921503
0.0 0.0 0.0
-0.000575342511872 -1.18644544581e-05 0.00715872720392
0.0 0.0 0.0
0.0 0.0 0.0
0.00166610912142 0.00166610912142 0.00166610912142
0.0 0.0 0.0
0.0 0.0 0.0
0.00174248233742 0.00332448522975 0.00104557713545
0.000848893484886 0.00365317207332 0.0104278328879
-0.00122823224631 -0.00122823224631 -0.00122823224631
0.0165343996084 -0.00567290719652 -0.00194578582822
0.0394462819781 0.0302764448859 0.0430654432034
-0.000567757657387 -0.00196570015234 -0.0203764425677
0.0 0.0 0.0
0.0022118104346 0.000799720376263 1.93510072169e-05
0.0 0.0 0.0
0.0216364281173 0.0163611153075 0.0135144018966
0.0 0.0 0.0
0.00194952758654 0.00396468778655 0.00895308673535
0.0 0.0 0.0
0.000508946108537 -0.000592794980191 -0.0108001660671
0.000190568346572 -0.000117104025374 -0.000126051924333
0.000185938321859 -0.000746562475172 -0.00297075089336
-0.00848128517194 -0.0136261361176 0.00299362755627
0.0 0.0 0.0
0.0220421593675 0.0115140384762 0.0059514114203
0.0509725496669 0.0478617589398 0.0546720231686
0.000324845996458 0.00068873564459 0.000289456526162
0.0 0.0 0.0
0.0 0.0 0.0
0.0 0.0 0.0
0.0142440606438 -0.00671492684445 -0.00163979269773
-0.00210384986 -0.00147712178666 0.00287946492459
0.0 0.0 0.0
-0.00866337756168 -0.00681124897381 -0.0076736669741
0.0 0.0 0.0
0.0 0.0 0.0
-0.00882230423725 -0.0105268624933 -0.00381120571717
-0.00139849968054 0.000590082557318 0.00776750103227
0.00628839629286 0.000428833632272 -0.00887671587341
0.0 0.0 0.0
0.0209029134362 0.0240706446528 0.045594406862
0.0 0.0 0.0
0.0 0.0 0.0
0.0 0.0 0.0
0.000789493732362 0.00198402973889 0.00214468703138
-0.0185501238597 -0.0135822229748 -0.0037990846685
-0.00490525469524 -0.00420651356588 -0.00438729653951
-0.0120265000001 -0.00594957649988 -0.0118107985651
-0.0021913710057 -0.00476312306321 -0.0329346480072
0.000353517003238 -0.00166169652048 -0.0161399432538
-0.00514928709105 -0.00111109650434 -0.000411314924123
0.0 0.0 0.0
0.0 0.0 0.0
0.0 0.0 0.0
0.00492031041912 0.00232573053424 0.000756371116042
0.0475824190547 0.0352402740732 0.0311076772651
0.00132934230797 0.00537082812343 0.0121328952692
0.0 0.0 0.0
0.0 0.0 0.0
0.00574667891275 0.000845473898425 -0.000654695969626
-0.0054719719529 0.0227645831116 0.0124189671843
0.000283947039959 -0.000131640478655 -0.00188415381534
-0.00181530354625 -0.000147427393651 0.00432144918937
0.0 0.0 0.0
0.0 0.0 0.0
0.00546709750663 0.00546709750663 0.00546709750663
-0.0035121119175 -0.000322307919231 0.0017228710302
0.00791130435476 0.026445195283 0.0265748263437
0.0 0.0 0.0
-0.000942704236703 0.00265254208253 0.00639061394855
0.000274363781814 0.00262498534331 0.00291307556052
0.0120137900918 0.00836789092259 0.015309802129
0.00899150159905 0.00233257025718 -0.00801992576381
0.00359735875862 0.00359735875862 0.00359735875862
0.00358343490823 0.00251411880124 -0.0020246380601
0.0 0.0 0.0
0.000494626608637 0.000534003007425 0.000685602757945
0.0 0.0 0.0
-0.00113908262039 -0.00113908262039 -0.00113908262039
0.00535490751623 0.0058574115139 0.00342862241442
0.00155131671699 0.00313901045717 0.00704232530551
0.0198145988813 0.0108884834477 0.0166714701953
0.00119566098354 0.00119566098354 0.00119566098354
0.00343539671552 0.00061958006303 -0.00340084626902
-0.000982893358467 -0.00108613356016 -0.00798771482244
-0.0024020461562 0.000635971570174 0.0096998719375
0.0434158272907 0.0173634940442 0.0151557498967
0.0176315871541 0.0157807066893 0.0189450027338
0.000455985372166 -0.00107396808667 -0.000387454516527
0.0338723594074 0.00475289302844 -0.000277485836532
0.0201048545328 0.0189066574056 0.0218715528585
0.0 0.0 0.0
0.0315138512029 0.0152690942891 -0.00603000443661
0.0 0.0 0.0
0.0 0.0 0.0
0.0 0.0 0.0
0.0050637432782 0.00265588654717 -0.00140345545654
0.0144158399979 0.0238578768312 0.0130186357387
0.000948592976398 -0.000399732758844 -0.00119237602637
0.00222279582286 0.0124525647628 0.0196122095479
-0.00164696469942 -0.000247872411723 0.000372121455543
-0.0217014838475 -0.0242007112244 -0.00759419767112
0.0419488984127 0.0284406738407 0.0236405501668
0.0378703999912 0.0173763355588 0.0327745816853
0.00467407707552 -0.000145418987551 -0.000579243930287
0.0 0.0 0.0
-0.00208615224349 -0.00107274162199 -0.000681815830937
0.00303000984976 0.000744771488557 0.000738948039369
0.0 0.0 0.0
0.0 0.0 0.0
-0.00124182227221 -0.0012418193194 -0.0013181921531
0.0 0.0 0.0
-0.000300724948934 0.0024677642734 0.000440230653085
-0.00166145378026 0.000872096155036 0.00135059247141
0.0352489026864 0.0391651176455 0.0392702426732
0.00508240687434 -0.00300624756967 -0.00210551753427
0.0 0.0 0.0
0.0 0.0 0.0
0.0 0.0 0.0
0.00256613650695 0.00417256485263 0.00486184412342
-0.00238456399306 -0.00444802335893 -0.00226214373956
0.0148514224857 0.0024827173786 -0.00594732385165
0.0 0.0 0.0
-0.0150696218887 -0.0158937073364 -0.00588890070694
0.00199970215734 -0.000253524945177 -0.00887191034892
0.0 0.0 0.0
3.71104953306e-05 0.00032078603889 3.16565201768e-05
0.0 0.0 0.0
0.00796977467204 0.00784604632642 0.0149539736927
-0.00721717872438 -0.00573903048148 0.00115493978458
0.0 0.0 0.0
0.00937723030534 0.00530823781176 0.00254315386515
-0.0164686954219 -0.0161061472517 -0.0131792762325
0.00172055567003 0.00170703914786 0.00186692367349
0.000957507556277 0.000217618405488 0.000187631340569
-0.0168021756641 -0.0166527715202 -0.00261655614475
0.0217685827569 0.0139427676387 0.0116553490397
-0.00403713649211 -0.00268931953406 -7.45531352441e-05
0.0 0.0 0.0
0.0641562093487 0.0587090258138 0.0697671159876
0.0 0.0 0.0
0.0 0.0 0.0
0.0 0.0 0.0
-0.0024495535037 2.51835346643e-05 4.0738633389e-05
0.00778089614481 0.00267978714253 0.00115938068044
0.00190163069696 0.00304391329558 0.00216935304914
-0.00190908348365 -0.00192285128622 -0.000522778346809
0.00376343163878 -3.92614227296e-05 -0.00151201923155
-0.00120424520035 -0.00284964698102 -0.00143246356762
0.0 0.0 0.0
0.0195556383383 0.0158973144556 0.0207961521754
-0.00138057780551 0.00250789950973 0.00201450739336
0.0 0.0 0.0
0.0281772948893 0.00887256023503 0.0127887642553
0.00182516000324 0.000345054311882 0.00230407194323
0.0 0.0 0.0
0.00610521429314 0.00678180345374 0.0133336208976
0.000951835619808 0.000618515341621 -0.00709501068843
-0.00147910847315 -0.000497638153713 0.00530279409346
0.00202114407594 0.000650139954903 -0.0038455885969
0.0 0.0 0.0
0.0126965054042 0.002611268672 -0.00103668285048
0.00646649101034 0.00646649101034 0.00646649101034
0.00228767592942 0.0011251372029 -0.00145394675083
0.00674722107454 0.00496551964571 0.0121674584593
5.6907641016e-05 -0.00102227574628 -0.0129376791455
-0.000494159252777 0.00372835363531 0.0126896428248
0.0042442932416 -0.00260822089917 7.96136791882e-05
0.000316221836258 0.000792017862844 0.00330632797818
0.00231066886371 0.00140742832276 0.00204772040775
0.0 0.0 0.0
-0.00907499802996 -0.00268317619708 -0.00225025647817
0.0118219280386 0.011953751901 -0.00959585746133
-0.00204532203276 0.000910801942558 0.00149709004236
0.0 0.0 0.0
0.00490003435604 0.00506027190968 0.00515250455093
0.0 0.0 0.0
0.0011064085923 0.000412974183142 -0.00957131652694
0.0 0.0 0.0
0.0474900068515 0.0413734734541 0.0450891219667
0.0186847907034 0.0160159579375 0.0199750235639
0.0152376052421 0.00336213574336 -0.0132028048037
-0.00154975370345 0.000268621497057 0.000597176095539
0.0181731010588 0.0181392210551 0.0308396745415
0.021603045957 0.0323569515674 0.0384652087896
0.0 0.0 0.0
-0.00432803819997 -0.00158373801708 0.00168639396174
0.0 0.0 0.0
0.0 0.0 0.0
-0.00244563047835 -0.00244563047835 -0.00244563047835
0.0226605925324 0.0136089352627 0.0124250335706
0.00162947253211 0.00219029610328 0.0046958950862
0.00478791415168 0.00725672084637 0.0212821505904
0.00210099835125 0.000669668155201 -0.00157374049272
0.00836043558862 0.00833680667985 0.0212044814964
0.0 0.0 0.0
0.00751850540755 -0.000135426346939 -0.0148572613678
0.00242900611843 0.000906753566024 -0.000200973749487
-0.0116702336261 -0.00626822003071 0.000297594879053
0.0211181336379 0.0175110012864 0.0252911804782
0.0187425925112 0.00435355228721 -0.0209457281902
0.010067487958 0.00793025361498 0.016267365246
0.0 0.0 0.0
0.00144136739676 0.000103997152207 -0.0175141983929
0.00361698346283 0.00786613192759 0.00985720635343
0.00398604191092 0.00388169533263 0.00376396745568
-0.00129560219713 -0.00129560219713 -0.00129560219713
-0.000481443095522 -0.000481443095522 -0.000481443095522
-0.000272032484415 -0.000950678912166 -0.0149542769505
0.0 0.0 0.0
0.00157721544742 0.0016456167278 0.00166996726953
0.0 0.0 0.0
0.00182728323786 0.00224521445362 0.00391495327692
0.00593388688132 -0.00150508166587 -0.0158998377914
0.0 0.0 0.0
-0.000702786725147 -0.000665127509236 -0.000423923804648
0.0 0.0 0.0
-0.00388657262126 -0.00111420092353 0.00063589610368
0.0 0.0 0.0
0.0105533529232 0.0173080204126 0.014243473947
0.00192443907836 0.00024887364138 -0.00932084226008
-0.00148860407843 -0.00110210584483 -0.000750716834312
0.000252071012255 0.00220076616187 0.00367400516494
0.0 0.0 0.0
-0.00465604795599 -0.00132246027702 -0.00388897126921
0.00279475280042 0.00279475280042 0.00279475280042
-0.00214516208811 -0.000220559226636 0.00530596185818
-0.00989814352262 -0.00955600190019 -0.00727799177431
0.0113450925698 0.00546265339315 0.0113659363138
0.000712916607409 0.002292685432 0.00151727899017
0.00101667548353 0.00289955794135 0.0113049381261
0.00919408224246 0.00252706105065 0.00394671794752
-0.000238277407149 -0.00122754869955 -0.00163605197375
0.0141052615377 0.00576895599351 0.00605362233648
-0.0020523561828 -0.000939613589017 -0.0017434573654
0.0 0.0 0.0
0.000296020531445 0.000296020531445 0.000296020531445
0.0 0.0 0.0
-0.0119877697733 -0.00975914398973 -0.00390650586984
0.00986538340406 0.0105540369058 0.0120878084834
-0.0086855182951 -0.00364599698033 0.000188043184884
0.0416849730299 0.0408204409258 0.0487630734481
0.0 0.0 0.0
-0.00235195237545 -0.00274609671528 -0.00246886876699
0.0074318757219 0.0010613146169 -0.0240431047198
0.00512610705253 0.0116101781901 0.0154774982509
-0.00945252882995 -0.00983133100168 -0.003064247299
0.0 0.0 0.0
0.0 0.0 0.0
-0.00100246960782 0.000126378547957 0.00187262390318
0.0 0.0 0.0
0.0 0.0 0.0
0.00724969073224 0.00212614538161 0.00059992340191
-0.0033840973096 -0.00384535395559 0.00377063354658
-0.000244734055085 0.00191476374891 -0.00171772235697
0.0 0.0 0.0
0.00122946685504 -0.00090973467297 -0.022621753492
0.0 0.0 0.0
0.0029541858606 -0.000884583740632 -0.0137818183931
0.00381423610946 0.00400744326396 0.00463195461313
0.0521454684985 0.0326977292868 0.0303681828082
0.0 0.0 0.0
0.0 0.0 0.0
0.0019444021731 0.00195688629764 0.00175140222707
0.0 0.0 0.0
0.0 0.0 0.0
0.00738049050139 0.0136372259546 0.0159474396148
-0.000515944239896 -0.000549332398591 -0.000493547164681
0.0 0.0 0.0
0.00146279510473 0.00146279510473 0.00146279510473
0.00753561925112 0.00298529259495 0.00227390993505
-0.000723327633192 -0.00146602658994 -0.0166542186527
0.00165888406502 0.002663858529 0.00404455853448
-0.00955049295754 -0.00310851143834 -0.00204124481642
0.0323301066954 0.0156618382646 0.00137668337959
-0.00967530477836 -0.00818689713265 -0.00513430125778
0.00160033278185 0.000778127435986 0.000383464176662
-0.00504235822757 -0.0062863138362 0.000442686877692
0.0 0.0 0.0
0.00102545757667 0.00102545757667 0.00102545757667
0.0 0.0 0.0
0.00979157765534 0.00374869769896 0.0026107526881
0.0166891916259 0.0217319760773 0.0214934766334
0.00723334303787 0.00220684344828 0.00158330667186
0.0517616306209 0.0477253245227 0.0529017211476
0.00335121658495 0.000739062021552 -0.00546045826227
-0.000294000725463 -2.56707299957e-05 0.00685879526254
0.0 0.0 0.0
0.0223896855677 0.0158849520937 0.0114822474998
-0.00341186186705 -0.00405355111986 -0.0237375743555
0.0214638828819 0.0160613248162 0.0107040657875
0.00384517106021 0.00455274072542 0.00493476743041
0.0 0.0 0.0
0.0 0.0 0.0
0.00647868280385 0.00686610308812 0.00794231368087
0.0326046532215 0.0250194978081 0.0362557142566
0.0182801865943 0.00900099583415 0.010176397981
0.000673098672502 0.000876076123528 0.00237727227089
-4.20949956205e-05 -0.001398142844 -0.0171161508224
0.0 0.0 0.0
0.0346936117891 0.0161466809253 0.0132129629077
0.0 0.0 0.0
0.0 0.0 0.0
-0.000166061883289 0.00142715182334 0.00734907554158
0.0 0.0 0.0
0.0 0.0 0.0
3.1138414768e-08 6.63016652363e-10 -9.03569085159e-07
-0.0138524113791 0.0153951687209 0.010700585674
0.00159156600579 0.000681185334004 -0.00786298475673
0.00335811412916 0.00329640518661 0.00316324932794
-3.36283547484e-05 0.00132178658811 0.00854357380671
-0.00477612299809 -0.00178497592333 -0.00357729006402
0.0 0.0 0.0
-0.00298118785327 -0.00077294442956 3.17742584576e-05
0.00417587506335 0.00334697608214 0.00236844140636
-0.000553746421045 0.000530252111799 0.00365285289479
0.0 0.0 0.0
0.0337263246898 0.0298754168582 0.032451792665
0.0037915282426 0.0037915282426 0.0037915282426
0.00169582672342 0.00114058553983 0.0060326805614
0.00671970655222 0.00751694831019 0.00843275581414
0.0 0.0 0.0
0.000234071930834 -0.00210625203299 -0.0211884675933
-0.0180821840892 -0.0106875747937 -0.0118090337773
-0.00228204304482 -0.00168346288479 -0.00123404524583
0.0253692642673 0.0131238135744 0.013858676731
-0.000227017124918 -0.000269308124824 -0.00198855169364
0.0 0.0 0.0
0.0200608379049 0.0135118024416 0.0066050305766
-0.00330699739305 -0.000989742633903 -0.00394165689367
0.0 0.0 0.0
0.0 0.0 0.0
-0.000543724854031 0.00180244414603 0.00577615592427
0.0 0.0 0.0
2.46279686544e-05 -0.00209467234093 -0.00203747030431
0.0 0.0 0.0
-0.0148234123952 -0.00505934463203 0.00440726804327
0.0 0.0 0.0
0.00125610777455 0.000926826267412 -0.00144937454644
0.000164109114332 0.000162975276161 -0.00209392740702
0.0062792421682 0.00362466695307 -0.0142408432429
0.0 0.0 0.0
-0.00222195791601 -0.00261680234512 -0.000754956032893
0.0115335768682 0.00259607221204 0.00236772609178
0.000346711987867 0.000432186756032 0.000852310070251
0.0295708918025 0.0114751108588 0.0152507695577
0.00082440560139 -0.000176487432637 -0.000568519419666
0.0 0.0 0.0
0.0 0.0 0.0
-0.0182605196198 -0.0215446682955 -0.00792028124877
0.0 0.0 0.0
0.0 0.0 0.0
-9.99103994316e-05 0.000282262056255 0.00263960530497
0.0 0.0 0.0
0.0 0.0 0.0
-0.00469732645711 -0.00326627122255 -0.00129374005378
-0.0185365851506 -0.0154437697433 -0.0114886312644
0.0 0.0 0.0
0.00226419907048 -0.000120185380472 -0.00881140691171
0.00411121758224 0.000744110441479 -0.0217486984869
0.0 0.0 0.0
0.0 0.0 0.0
-0.0038576114987 -0.0032078418995 -0.00361471385926
0.0 0.0 0.0
0.00727111704177 0.00727111704177 0.00727111704177
0.00125713605446 0.000821224678291 -0.00399575139656
0.0233685470333 0.0244741377424 0.0257029415174
0.0 0.0 0.0
-0.0114972547709 0.00160628582862 0.00594944945086
0.00156202635705 0.00459467646855 0.0161486722273
0.0 0.0 0.0
0.0 0.0 0.0
0.0123242248232 0.00863154588237 0.00372446399006
0.0 0.0 0.0
0.0 0.0 0.0
0.0116089729923 -0.000875075205818 0.000220406179883
0.000433248194271 0.000467288424256 0.000969626429668
0.0 0.0 0.0
-0.00890948703757 -0.00850786706623 0.00202449927889
0.0231543674606 0.0229590539944 0.0199236577881
-0.00077069933339 -0.00291475704095 -0.0290723314166
-0.00110279466558 -0.000519652670981 0.000557293660115
0.0 0.0 0.0
-0.00878398799533 -0.00383519295972 -0.00471787722665
0.0 0.0 0.0
0.00231764588104 0.000541806324816 -0.00274701549435
0.00554760637741 0.00604418657012 0.0060740809518
-0.00155582943349 -0.00245729105574 -0.000965979700207
-0.00302267849013 -0.00302267849013 -0.00302267849013
0.00477555041369 0.00258322155568 0.00251990331279
-0.000171510673709 -0.000452356932108 0.00526223645514
0.00359017708521 0.00283056891113 -0.0113895683347
0.0256952565612 0.0114889280083 0.0216072468934
0.0 0.0 0.0
0.0138620292994 0.000279149725784 0.00276034005407
0.0 0.0 0.0
-0.000790020947959 -0.00107933647789 -0.00940251292538
0.00174544967342 0.00174544967342 0.00174544967342
0.0 0.0 0.0
0.0 0.0 0.0
0.0462105397523 0.0337042472416 0.0415874285306
0.0 0.0 0.0
0.00378311500849 0.00378311500849 0.00378311500849
0.0 0.0 0.0
0.000791642600517 -0.000529872393958 -0.00787959973293
-0.0105013560313 0.00356778259209 0.0124670686382
-0.00225676239559 -0.00466472616142 -0.0408495941082
0.0 0.0 0.0
0.000128270006947 -0.00175322632279 -0.0203203831999
-2.26191199496e-05 0.000163992251802 0.000150196972106
0.0290974424916 0.0090982400937 0.00533618433577
0.0 0.0 0.0
0.0 0.0 0.0
0.0 0.0 0.0
0.0 0.0 0.0
0.0 0.0 0.0
0.00926673800287 0.00881946004222 0.0282833416824
-0.00758076220279 -0.0045261884438 -0.00432778297411
0.0 0.0 0.0
0.0 0.0 0.0
-0.00511903525795 -0.0112212326106 -0.00934618633593
0.0 0.0 0.0
0.00540985592891 0.00551087513882 0.0144062992247
0.0225084249848 0.016441291043 0.0218916077711
-0.00565916798212 -0.0102814640801 0.0104565862102
0.010744260023 0.0175574689016 0.0172851396675
0.0 0.0 0.0
0.00682053912565 0.00647880074836 0.0059051305196
-0.0075483301073 -0.00476287140639 -0.00363876815583
0.0 0.0 0.0
0.0 0.0 0.0
0.0 0.0 0.0
0.0276392917671 0.0129153031308 -0.00264807903284
0.0 0.0 0.0
-0.00167361866304 -0.00136369610988 0.00109123643206
-0.000457262333356 0.000124139433038 -0.00117980317635
0.0300589079366 0.0117503311954 -0.00727096590762
-0.00253615938474 0.00266195800993 0.0124982338514
0.0 0.0 0.0
0.000959753072921 -0.00126080404133 -0.0171567975658
0.0 0.0 0.0
0.0 0.0 0.0
0.0 0.0 0.0
0.0 0.0 0.0
0.00304781742379 0.00304213921301 0.0033080975538
0.0 0.0 0.0
0.0 0.0 0.0
0.0 0.0 0.0
0.0 0.0 0.0
0.0110491905692 0.0107359743437 0.0287896502114
7.68451400286e-05 -0.00122462657583 -0.00262956290308
0.0148196428661 0.00951698660167 0.0145429015834
-0.020209361598 -0.0076806151512 -0.0072704059887
0.0 0.0 0.0
0.00368242097066 0.000664065597444 -0.00506240505763
-0.00177029932305 -0.000810210778189 -0.00068414015072
0.00399951150556 0.00174921853774 0.0067267020828
0.00113350478792 -0.00041017521758 -0.0205767017661
0.0 0.0 0.0
-0.0292333507793 -0.022315621337 -0.020512206438
-0.0294383106916 -0.0247167749433 -0.00632610577488
0.0 0.0 0.0
0.0 0.0 0.0
-0.000121681389683 -0.00269281812623 -0.0341049194144
-0.0118433534993 -0.00647393129688 -0.00475941815318
0.0075889631015 0.00829438289222 0.00790684488018
0.0 0.0 0.0
0.000286182290887 -0.000528714527197 -0.00713385728946
0.00187589433545 0.00120493842654 4.40590954518e-05
0.0 0.0 0.0
-0.0112386161955 -0.00750962369354 -0.00307173807582
0.0150474845194 -0.000917445448911 -0.00339163012875
-0.00385643740838 0.00116802065431 0.0101318447505
0.004313055393 0.00190022413034 0.000812949082254
0.00732686098978 0.00514971638698 -0.00282485796139
0.0 0.0 0.0
0.0343672645737 -0.000804058670375 0.00112965033386
0.0356591895479 0.0284257452151 0.0344498482741
0.00270947166365 0.000606472152899 0.00254936820802
0.00404673520157 0.00211718243751 0.000749260290002
0.0309237013339 0.0182244084933 0.016994323169
0.0 0.0 0.0
-0.00052508174692 -0.00403264318081 -0.0340144317941
0.0146994601085 -0.00441989230058 -0.000495952726937
0.00367088086756 0.00367088086756 0.00367088086756
0.0 0.0 0.0
-0.00661185617294 -0.00573900741317 -0.00238205305714
-0.0159983373369 -0.00756019310823 -0.00707566471895
0.0164537624744 0.0194179324406 0.0169553947781
0.0 0.0 0.0
-0.00875248788826 -0.0159752397174 -0.0142421050153
0.0 0.0 0.0
0.000391379764842 0.000658081237177 0.00308769258446